1          365          470
2          667          492
3          441          500
4          328          664
5          493          560
6          432          641
7          609          478
8          630          311
9          458          675
10          391          448
11          354          399
12          394          383
13          387          596
14          297          582
15          633          348
16          371          370
17          545          539
18          435          573
19          538          528
20          406          542
21          303          288
22          646          528
23          436          522
24          480          424
25          317          560
26          600          334
27          423          382
28          600          297
29          416          655
30          508          285
31          407          382
32          353          567
33          298          313
34          295          384
35          633          625
36          483          592
37          674          631
38          421          673
39          675          500
40          562          530
41          511          478
42          361          634
43          463          366
44          665          652
45          647          676
46          308          408
47          557          315
48          331          525
49          336          514
50          553          297
51          502          373
52          334          403
53          569          448
54          511          500
55          391          553
56          554          503
57          329          293
58          577          316
59          505          357
60          668          522
61          396          439
62          459          354
63          598          513
64          483          596
65          498          542
66          338          644
67          430          601
68          338          513
69          448          440
70          495          580
71          342          486
72          346          379
73          551          523
74          583          290
75          295          426
76          500          330
77          473          381
78          543          676
79          551          618
80          410          499
81          535          453
82          376          536
83          417          616
84          295          435
85          287          381
86          358          656
87          602          564
88          433          354
89          294          365
90          516          636
91          481          305
92          659          657
93          416          403
94          555          310
95          548          329
96          314          512
97          507          560
98          614          629
99          573          582
100          611          636
101          371          303
102          495          436
103          571          320
104          333          391
105          562          460
106          528          605
107          638          585
108          668          665
109          468          670
110          500          524
111          439          597
112          611          677
113          387          646
114          614          354
115          330          324
116          320          554
117          503          501
118          522          379
119          547          536
120          566          610
121          298          524
122          385          601
123          449          332
124          653          467
125          388          417
126          394          574
127          578          455
128          344          404
129          458          359
130          347          291
131          417          525
132          641          580
133          401          339
134          464          514
135          545          476
136          674          505
137          332          530
138          658          591
139          502          653
140          556          336
141          641          327
142          663          470
143          640          580
144          346          453
145          519          396
146          589          589
147          486          345
148          634          475
149          486          630
150          355          436
151          297          651
152          412          517
153          621          318
154          349          508
155          307          345
156          529          312
157          420          550
158          559          579
159          413          526
160          477          556
161          286          528
162          544          569
163          304          587
164          357          556
165          303          467
166          639          494
167          435          445
168          533          462
169          638          382
170          446          644